002b3c7a12cd4901.anonymous.google	93045540	5.99997	0.0	0.00777	0.0	1.295	\N
002b3c7a12cd4901.anonymous.google	98671140	2.00004	0.0	0.00363	0.0	1.815	\N
007james.com	71451180	1.00002	0.0	0.002844	0.0	2.8439	\N
007james.com	93045540	1.0	0.0	0.001392	0.0	1.392	\N
007james.com	95108820	1.00002	0.0	0.005634	0.0	5.6339	\N
01010vananice01010.deviantart.com	87991020	3.00012	0.0	0.001644	0.0	0.548	\N
01010vananice01010.deviantart.com	89057820	0.99999	0.0	4.68E-4	0.0	0.468	\N
011d89ba78cda1b4.anonymous.google	97701180	0.99999	0.0	9.78E-4	0.0	0.978	\N
01ebooks.com	91109580	1.0	0.0	6.9E-4	0.0	0.69	\N
021965bff694a9c1.anonymous.google	78634260	1.00008	0.0	0.001278	0.0	1.2779	\N
02227cb593ec47d6.anonymous.google	84505500	1.00002	0.0	0.002871	0.0	2.8709	\N
02227cb593ec47d6.anonymous.google	91109580	0.99999	0.0	0.00111	0.0	1.11	\N
02227cb593ec47d6.anonymous.google	95457420	1.0	0.0	0.00217	0.0	2.17	\N
02227cb593ec47d6.anonymous.google	98805660	1.99998	0.0	0.0018	0.0	0.9	\N
025a7cd131e3a4a7.anonymous.google	84505620	1.99998	0.0	0.002829	0.0	1.4145	\N
025a7cd131e3a4a7.anonymous.google	87991020	2.00004	0.0	0.001704	0.0	0.852	\N
0322bec93dc86898.anonymous.google	78634260	5.99994	0.0	0.008721	0.0	1.4535	\N
032d1e42ec853c4e.anonymous.google	72853500	2.00002	0.0	7.42E-4	0.0	0.371	\N
032d1e42ec853c4e.anonymous.google	92508540	3.00004	0.0	0.001872	0.0	0.624	\N
032d1e42ec853c4e.anonymous.google	95922540	1.99998	0.0	3.87E-4	0.0	0.1935	\N
032d1e42ec853c4e.anonymous.google	97432860	4.99994	0.0	0.003806	0.0	0.7612	\N
0358272e54fb4842.anonymous.google	64151460	0.99996	0.0	0.006816	0.0	6.8163	\N
0358272e54fb4842.anonymous.google	64753980	12.99999	0.0	0.016347	0.0	1.2575	\N
0358272e54fb4842.anonymous.google	84505500	5.99997	0.0	0.01008	0.0	1.68	\N
0358272e54fb4842.anonymous.google	92508540	11.99988	0.0	0.007542	0.0	0.6285	\N
0358272e54fb4842.anonymous.google	94816260	3.99996	0.0	0.004122	0.0	1.0305	\N
0358272e54fb4842.anonymous.google	94904820	3.99996	0.0	0.004899	0.0	1.2248	\N
0358272e54fb4842.anonymous.google	95109780	64.99984	0.0	0.061545	0.0	0.9468	\N
0358272e54fb4842.anonymous.google	98804580	3.99996	0.0	0.002601	0.0	0.6503	\N
0358272e54fb4842.anonymous.google	98805660	1.00008	0.0	9.09E-4	0.0	0.9089	\N
0358272e54fb4842.anonymous.google	98806380	1.99998	0.0	0.003291	0.0	1.6455	\N
04953823c1610f2d.anonymous.google	63053340	15.0003	0.0	0.033624	0.0	2.2416	\N
04953823c1610f2d.anonymous.google	95457420	3.9999	0.0	0.018222	0.0	4.5556	\N
054bbca61f597a3b.anonymous.google	90349740	2.0	0.0	0.006772	0.0	3.386	\N
05ccc68bd7088bd8.anonymous.google	66566820	17.99976	0.0	0.011772	0.0	0.654	\N
05ccc68bd7088bd8.anonymous.google	71451180	8.99946	0.0	0.012708	0.0	1.4121	\N
05ccc68bd7088bd8.anonymous.google	78634260	17.00019	0.0	0.024777	0.0	1.4575	\N
05ccc68bd7088bd8.anonymous.google	94904700	0.99999	0.0	0.00153	0.0	1.53	\N
05ccc68bd7088bd8.anonymous.google	95922540	2.99988	0.0	4.41E-4	0.0	0.147	\N
05ccc68bd7088bd8.anonymous.google	97882980	2.00004	0.0	4.32E-4	0.0	0.216	\N
05ee4ba2da22d4d7.anonymous.google	72567660	8.99988	0.0	0.002544	0.0	0.2827	\N
05ee4ba2da22d4d7.anonymous.google	80067900	1.99998	0.0	7.47E-4	0.0	0.3735	\N
05ee4ba2da22d4d7.anonymous.google	94815780	3.0	0.0	0.002304	0.0	0.768	\N
05ee4ba2da22d4d7.anonymous.google	97701060	2.00004	0.0	0.00117	0.0	0.585	\N
05f89229002cc9ee.anonymous.google	93538380	1.0	0.0	6.4E-4	0.0	0.64	\N
05news.com	74748420	0.99999	0.0	9.54E-4	0.0	0.954	\N
05news.com	87991020	1.00002	0.0	9.3E-4	0.0	0.93	\N
07ghost.wikia.com	79277220	0.99999	0.0	9.42E-4	0.0	0.942	\N
0800-horoscope.com	66206220	2.00002	0.0	0.00672	0.0	3.36	\N
0800-horoscope.com	66566820	4.00008	0.0	0.010272	0.0	2.5679	\N
0800-horoscope.com	71451180	4.00026	0.0	0.01368	0.0	3.4198	\N
0800-horoscope.com	78634260	24.00009	0.0	0.039549	0.0	1.6479	\N
0800-horoscope.com	93045540	14.99996	0.0	0.026061	0.0	1.7374	\N
0800-horoscope.com	95108820	0.99999	0.0	0.01002	0.0	10.0201	\N
0800-horoscope.com	98572500	1.0	0.0	0.00274	0.0	2.74	\N
089163ef5a785c1c.anonymous.google	98572500	0.99999	0.0	8.4E-4	0.0	0.84	\N
089163ef5a785c1c.anonymous.google	98671140	1.00002	0.0	8.4E-4	0.0	0.84	\N
089fb68f96649407.anonymous.google	62438220	0.99999	0.0	0.001701	0.0	1.701	\N
089fb68f96649407.anonymous.google	87991020	14.0	0.0	0.006258	0.0	0.447	\N
089fb68f96649407.anonymous.google	90229860	0.99996	0.0	0.001716	0.0	1.7161	\N
089fb68f96649407.anonymous.google	93538380	1.0	0.0	9.5E-4	0.0	0.95	\N
08d9d02d0a0cc6fe.anonymous.google	78634260	0.99999	0.0	0.001215	0.0	1.215	\N
0906b472477fa115.anonymous.google	89057820	1.99998	0.0	9.3E-4	0.0	0.465	\N
092e5ce6663faccc.anonymous.google	71451180	49.0005	0.0	0.141966	0.0	2.8972	\N
092e5ce6663faccc.anonymous.google	78634260	322.99992	0.0	0.423318	0.0	1.3106	\N
092e5ce6663faccc.anonymous.google	79277220	231.00049	0.0	0.337651	0.0	1.4617	\N
092e5ce6663faccc.anonymous.google	79279980	0.99996	0.0	7.44E-4	0.0	0.744	\N
092e5ce6663faccc.anonymous.google	93045540	118.00001	0.0	0.209664	0.0	1.7768	\N
092e5ce6663faccc.anonymous.google	94904700	1.99998	0.0	0.001224	0.0	0.612	\N
092e5ce6663faccc.anonymous.google	94905060	2.00001	0.0	0.003291	0.0	1.6455	\N
092e5ce6663faccc.anonymous.google	95108820	323.00127	0.0	1.502358	0.0	4.6512	\N
092e5ce6663faccc.anonymous.google	95458020	1.99998	0.0	0.008358	0.0	4.179	\N
092e5ce6663faccc.anonymous.google	97882980	2.00001	0.0	4.95E-4	0.0	0.2475	\N
092e5ce6663faccc.anonymous.google	98572500	20.99992	0.0	0.043703	0.0	2.0811	\N
092e5ce6663faccc.anonymous.google	98578860	0.99996	0.0	7.44E-4	0.0	0.744	\N
092e5ce6663faccc.anonymous.google	98671140	5.99991	0.0	0.014325	0.0	2.3875	\N
09a66fd8e96c3e2d.anonymous.google	92508780	1.99998	0.0	0.004764	0.0	2.382	\N
09a66fd8e96c3e2d.anonymous.google	93538380	0.99996	0.0	0.001002	0.0	1.002	\N
09a66fd8e96c3e2d.anonymous.google	94815780	13.99992	0.0	0.014058	0.0	1.0041	\N
09a66fd8e96c3e2d.anonymous.google	97701060	2.00001	0.0	0.002004	0.0	1.002	\N
09a66fd8e96c3e2d.anonymous.google	98797260	1.99998	0.0	0.001998	0.0	0.999	\N
09alex.deviantart.com	66566820	0.99996	0.0	0.005796	0.0	5.7962	\N
09dfdab9cd5988c2.anonymous.google	62438220	14.00022	0.0	0.054153	0.0	3.868	\N
09dfdab9cd5988c2.anonymous.google	68660820	5.99994	0.0	0.007965	0.0	1.3275	\N
09dfdab9cd5988c2.anonymous.google	81200100	22.00002	0.0	0.017697	0.0	0.8044	\N
09dfdab9cd5988c2.anonymous.google	81368100	0.99996	0.0	4.56E-4	0.0	0.456	\N
09dfdab9cd5988c2.anonymous.google	90229860	1.00008	0.0	0.002364	0.0	2.3638	\N
09dfdab9cd5988c2.anonymous.google	90349740	5.00004	0.0	0.009798	0.0	1.9596	\N
09dfdab9cd5988c2.anonymous.google	92508780	4.00002	0.0	0.0072	0.0	1.8	\N
09dfdab9cd5988c2.anonymous.google	93538380	27.99984	0.0	0.016728	0.0	0.5974	\N
09dfdab9cd5988c2.anonymous.google	94815660	1.00002	0.0	5.58E-4	0.0	0.558	\N
09dfdab9cd5988c2.anonymous.google	94904940	1.99995	0.0	0.002469	0.0	1.2345	\N
09dfdab9cd5988c2.anonymous.google	95103540	6.99996	0.0	0.013716	0.0	1.9594	\N
09dfdab9cd5988c2.anonymous.google	95458380	2.00001	0.0	0.004236	0.0	2.118	\N
09dfdab9cd5988c2.anonymous.google	96604020	12.99996	0.0	0.002097	0.0	0.1613	\N
09dfdab9cd5988c2.anonymous.google	97701060	48.99996	0.0	0.031977	0.0	0.6526	\N
09e2fae758229f5b.anonymous.google	81200100	1.00002	0.0	0.001002	0.0	1.002	\N
09e2fae758229f5b.anonymous.google	84505620	1.99998	0.0	0.003951	0.0	1.9755	\N
09e2fae758229f5b.anonymous.google	93538380	2.99994	0.0	0.00183	0.0	0.61	\N
09e2fae758229f5b.anonymous.google	95109780	8.00013	0.0	0.007596	0.0	0.9495	\N
0aca0a14406acf4a.anonymous.google	81200100	1.99998	0.0	8.37E-4	0.0	0.4185	\N
0aca0a14406acf4a.anonymous.google	84505620	2.99997	0.0	0.005076	0.0	1.692	\N
0ad319f70415b528.anonymous.google	98806380	1.00002	0.0	7.02E-4	0.0	0.702	\N
0adfd94d073aa369.anonymous.google	68660820	4.99995	0.0	0.007002	0.0	1.4004	\N
0adfd94d073aa369.anonymous.google	87991020	22.99998	0.0	0.026508	0.0	1.1525	\N
0adfd94d073aa369.anonymous.google	94815780	9.00006	0.0	0.009948	0.0	1.1053	\N
0ba8f386e90ed5ed.anonymous.google	97432860	3.00006	0.0	0.003936	0.0	1.312	\N
0ba8f386e90ed5ed.anonymous.google	98805660	1.00008	0.0	8.91E-4	0.0	0.8909	\N
0bdb3aefc4dff3af.anonymous.google	95457780	9.00006	0.0	0.033831	0.0	3.759	\N
0bdb3aefc4dff3af.anonymous.google	95458860	1.99998	0.0	0.008217	0.0	4.1085	\N
0c02349fc97e6e2d.anonymous.google	97432860	1.0	0.0	0.00173	0.0	1.73	\N
0c892ee57f845a22.anonymous.google	93045540	3.99999	0.0	0.00813	0.0	2.0325	\N
0c971422fe5e5f03.anonymous.google	63053340	2.00004	0.0	0.00276	0.0	1.38	\N
0d207879411beaba.anonymous.google	66566820	23.00076	0.0	0.015708	0.0	0.6829	\N
0d207879411beaba.anonymous.google	78634260	12.00015	0.0	0.016911	0.0	1.4092	\N
0d207ab6bbf9cb29.anonymous.google	62438220	3.99999	0.0	0.021999	0.0	5.4998	\N
0d207ab6bbf9cb29.anonymous.google	81367980	4.0	0.0	0.007512	0.0	1.878	\N
0d207ab6bbf9cb29.anonymous.google	89057820	21.9999	0.0	0.058413	0.0	2.6551	\N
0d207ab6bbf9cb29.anonymous.google	90349740	6.99996	0.0	0.01811	0.0	2.5872	\N
0d207ab6bbf9cb29.anonymous.google	92508780	13.00004	0.0	0.029824	0.0	2.2941	\N
0d207ab6bbf9cb29.anonymous.google	94904940	6.0	0.0	0.00777	0.0	1.295	\N
0d207ab6bbf9cb29.anonymous.google	95458740	3.0	0.0	0.014	0.0	4.6667	\N
0d6982d771e8bf83.anonymous.google	63053340	3.00006	0.0	0.005526	0.0	1.842	\N
0d6982d771e8bf83.anonymous.google	97432860	2.00002	0.0	0.001604	0.0	0.802	\N
0d6982d771e8bf83.anonymous.google	98806380	2.0	0.0	0.00565	0.0	2.825	\N
0da77ade51c52374.anonymous.google	91109580	2.00001	0.0	0.0021	0.0	1.05	\N
0f60546f3f33a1c0.anonymous.google	72567660	1.00002	0.0	2.58E-4	0.0	0.258	\N
0f60546f3f33a1c0.anonymous.google	81796980	17.0001	0.0	0.028692	0.0	1.6878	\N
0f60546f3f33a1c0.anonymous.google	94904220	4.99998	0.0	0.007347	0.0	1.4694	\N
0f60546f3f33a1c0.anonymous.google	97701180	15.00006	0.0	0.01215	0.0	0.81	\N
0f60546f3f33a1c0.anonymous.google	98580300	1.00002	0.0	0.001242	0.0	1.242	\N
0hagaren0.deviantart.com	98572500	0.99999	0.0	0.001551	0.0	1.551	\N
0rland0.com	87991020	1.0	0.0	0.013168	0.0	13.168	\N
0rland0.com	95458380	1.0	0.0	0.00744	0.0	7.44	\N
0to5stars-moria.ca	90860100	0.99999	0.0	0.001194	0.0	1.194	\N
1-87vehicles.org	94916220	0.99999	0.0	9.51E-4	0.0	0.951	\N
1-87vehicles.org	98572500	2.00001	0.0	0.003069	0.0	1.5345	\N
1-free-fonts.com	66566820	2.0	0.0	0.001244	0.0	0.622	\N
1-free-fonts.com	78634260	0.99999	0.0	0.001071	0.0	1.071	\N
1-free-fonts.com	79277220	2.0	0.0	0.00238	0.0	1.19	\N
1-love-quotes.com	81796980	3.00015	0.0	0.007905	0.0	2.6349	\N
1-love-quotes.com	90860100	7.00002	0.0	0.008268	0.0	1.1811	\N
1-love-quotes.com	95457780	0.99999	0.0	0.007113	0.0	7.1131	\N
1-love-quotes.com	97701180	0.99999	0.0	7.98E-4	0.0	0.798	\N
1-usd.info	72567660	1.99992	0.0	5.4E-4	0.0	0.27	\N
1-usd.info	81796980	1.00008	0.0	0.002097	0.0	2.0968	\N
1.rp-api.com	97432860	1.0	0.0	0.00123	0.0	1.23	\N
10-facts-about.com	98671140	1.00002	0.0	0.001848	0.0	1.848	\N
100-poems.com	81796980	3.00006	0.0	0.007506	0.0	2.5019	\N
100-poems.com	90860100	1.99998	0.0	0.002859	0.0	1.4295	\N
100-poems.com	93045540	1.99998	0.0	0.005001	0.0	2.5005	\N
100-poems.com	98572500	0.99999	0.0	0.002499	0.0	2.499	\N
100-poems.com	98671140	1.00002	0.0	6.48E-4	0.0	0.648	\N
1000dollarautos.com	63053340	2.99994	0.0	0.005184	0.0	1.728	\N
1000dvds.blogspot.com	87991020	2.99994	0.0	0.00168	0.0	0.56	\N
1000funnypictures.com	93045540	0.99998	0.0	2.6E-4	0.0	0.26	\N
1000funnypictures.com	97701180	1.00002	0.0	3.6E-4	0.0	0.36	\N
1000notes.com	63053340	7.00038	0.0	0.01053	0.0	1.5042	\N
1000notes.com	97432860	3.99996	0.0	0.006516	0.0	1.629	\N
1000pictures.com	78634260	6.0	0.0	0.008952	0.0	1.492	\N
1000pictures.com	79277220	1.00002	0.0	0.001452	0.0	1.452	\N
1000pictures.com	93045540	1.99999	0.0	0.006019	0.0	3.0095	\N
1000pictures.com	98572500	1.0	0.0	0.00157	0.0	1.57	\N
1000rr.net	97432860	3.00002	0.0	0.005898	0.0	1.966	\N
1000uglypeople.com	81200100	1.00002	0.0	9.0E-4	0.0	0.9	\N
1000uglypeople.com	94815660	3.9999	0.0	0.004302	0.0	1.0755	\N
1000uglypeople.com	96604020	1.99998	0.0	3.69E-4	0.0	0.1845	\N
1000vectors.com	97432860	1.0	0.0	0.00158	0.0	1.58	\N
1000ventures.com	80067900	0.99999	0.0	3.99E-4	0.0	0.399	\N
1000ventures.com	95458860	0.99999	0.0	0.00315	0.0	3.15	\N
1000webgames.com	71451180	3.00006	0.0	0.008424	0.0	2.8079	\N
1000webgames.com	78634260	3.99987	0.0	0.006237	0.0	1.5593	\N
1000webgames.com	94916220	2.00001	0.0	0.002367	0.0	1.1835	\N
1000webgames.com	97432860	3.0	0.0	0.004632	0.0	1.544	\N
1001arabian.net	93538380	1.00002	0.0	9.0E-4	0.0	0.9	\N
1001loveletters.com	79277220	3.99999	0.0	0.007269	0.0	1.8173	\N
1001loveletters.com	93045540	1.99998	0.0	0.001761	0.0	0.8805	\N
1001loveletters.com	97882980	1.99998	0.0	8.49E-4	0.0	0.4245	\N
1001loveletters.com	98572500	1.0	0.0	0.00149	0.0	1.49	\N
1001onlinegames.net	68660940	1.00002	0.0	9.39E-4	0.0	0.939	\N
1001tracklists.com	68660820	0.99999	0.0	0.001494	0.0	1.494	\N
1001tracklists.com	81200100	2.0	0.0	0.00204	0.0	1.02	\N
1001tracklists.com	87991020	1.00008	0.0	8.64E-4	0.0	0.8639	\N
1001tracklists.com	89057820	3.99996	0.0	0.00231	0.0	0.5775	\N
1001tracklists.com	98805780	0.99996	0.0	3.54E-4	0.0	0.354	\N
1001webgames.com	78634260	2.99997	0.0	0.004068	0.0	1.356	\N
100animegirl100.deviantart.com	98806380	2.00001	0.0	0.003102	0.0	1.551	\N
100floorsanswers.com	66566820	17.00016	0.0	0.010776	0.0	0.6339	\N
100floorsanswers.com	68660940	0.9999	0.0	8.1E-4	0.0	0.8101	\N
100floorsanswers.com	81796980	1.99989	0.0	0.005589	0.0	2.7947	\N
100floorsanswers.com	93045540	4.99998	0.0	0.005436	0.0	1.0872	\N
100floorsanswers.com	97701180	0.99999	0.0	9.6E-4	0.0	0.96	\N
100floorsanswers.com	98572500	0.99999	0.0	0.001299	0.0	1.299	\N
100floorswalkthrough.com	81367980	3.00002	0.0	0.007818	0.0	2.606	\N
100floorswalkthrough.com	87991020	7.00004	0.0	0.015752	0.0	2.2503	\N
100floorswalkthrough.com	90229860	2.0001	0.0	0.002514	0.0	1.2569	\N
100floorswalkthrough.com	97701060	2.00001	0.0	4.59E-4	0.0	0.2295	\N
100followers.org	78634260	0.99999	0.0	8.19E-4	0.0	0.819	\N
100followers.org	97432860	1.0	0.0	0.0020	0.0	2.0	\N
100gateswalkthrough.com	66566820	2.0	0.0	0.0014	0.0	0.7	\N
100gateswalkthrough.com	79277220	1.0	0.0	0.0010	0.0	1.0	\N
100questionsbeforemarriage.com	71451180	0.99996	0.0	0.002496	0.0	2.4961	\N
100redflags.com	94815780	2.0	0.0	0.00126	0.0	0.63	\N
100redflags.com	97701060	2.0	0.0	0.00129	0.0	0.645	\N
100rsns.blogspot.com	91109580	0.99999	0.0	5.52E-4	0.0	0.552	\N
100rsns.blogspot.com	94904820	1.00002	0.0	3.0E-4	0.0	0.3	\N
100swimmingworkouts.com	63053340	2.00004	0.0	0.00576	0.0	2.8799	\N
100swimmingworkouts.com	78634260	1.00002	0.0	0.001128	0.0	1.128	\N
100xr.com	63053340	1.9998	0.0	0.001836	0.0	0.9181	\N
100xr.com	91109580	2.00001	0.0	0.001569	0.0	0.7845	\N
100xr.com	95109780	0.99999	0.0	0.001503	0.0	1.503	\N
100xr.com	97432860	4.0001	0.0	0.005184	0.0	1.296	\N
100xr.com	98573820	0.99999	0.0	0.00279	0.0	2.79	\N
1015bobrocks.com	79277220	3.0	0.0	0.002742	0.0	0.914	\N
1015bobrocks.com	92509140	1.0	0.0	0.00108	0.0	1.08	\N
1015jamz.cbslocal.com	63053340	4.99998	0.0	0.006318	0.0	1.2636	\N
1015jamz.cbslocal.com	78632580	2.00016	0.0	0.005256	0.0	2.6278	\N
1015jamz.cbslocal.com	97432860	3.99996	0.0	0.006096	0.0	1.524	\N
1019litefm.cbslocal.com	66206220	2.00004	0.0	0.006246	0.0	3.1229	\N
1019litefm.cbslocal.com	71451180	2.00016	0.0	0.006426	0.0	3.2127	\N
1019litefm.cbslocal.com	78634260	0.99999	0.0	0.001242	0.0	1.242	\N
1019litefm.cbslocal.com	92508420	0.99996	0.0	0.002298	0.0	2.2981	\N
1019litefm.cbslocal.com	92509140	1.99998	0.0	0.002664	0.0	1.332	\N
1019litefm.cbslocal.com	93045540	2.00001	0.0	0.004902	0.0	2.451	\N
1019litefm.cbslocal.com	95108820	1.00008	0.0	0.00243	0.0	2.4298	\N
101cookingfortwo.com	68660820	0.99999	0.0	0.001134	0.0	1.134	\N
101cookingfortwo.com	84505740	0.99999	0.0	0.004998	0.0	4.998	\N
101cookingfortwo.com	89057820	0.99999	0.0	4.59E-4	0.0	0.459	\N
101cookingfortwo.com	93538380	1.00008	0.0	6.06E-4	0.0	0.606	\N
101cookingfortwo.com	94815780	3.0	0.0	0.002864	0.0	0.9547	\N
101cookingfortwo.com	97701060	1.0	0.0	3.11E-4	0.0	0.311	\N
101cookingfortwo.com	98797260	12.00008	0.0	0.008818	0.0	0.7348	\N
101dalmatians.wikia.com	79277220	1.00002	0.0	9.42E-4	0.0	0.942	\N
101daystochristmas.com	91126380	1.0	0.0	0.002495	0.0	2.495	\N
101funny.com	68660940	10.99983	0.0	0.005238	0.0	0.4762	\N
101funny.com	72567660	3.00004	0.0	8.84E-4	0.0	0.2947	\N
101funny.com	80067900	1.00002	0.0	4.89E-4	0.0	0.489	\N
101funny.com	98797260	3.99997	0.0	0.0013	0.0	0.325	\N
101funs.com	66566820	1.0	0.0	3.12E-4	0.0	0.312	\N
101greatgoals.com	66206220	1.00002	0.0	0.002046	0.0	2.046	\N
101greatgoals.com	66566820	21.00052	0.0	0.0319	0.0	1.519	\N
101greatgoals.com	72567780	1.00002	0.0	7.5E-4	0.0	0.75	\N
101greatgoals.com	93045540	15.99999	0.0	0.030531	0.0	1.9082	\N
101greatgoals.com	93168300	2.00004	0.0	0.00156	0.0	0.78	\N
101greatgoals.com	98572500	1.00002	0.0	0.002739	0.0	2.7389	\N
101greatgoals.com	98671140	1.00002	0.0	0.001002	0.0	1.002	\N
101lifestyle.com	91109580	0.99999	0.0	3.09E-4	0.0	0.309	\N
101lol.info	78634260	1.00002	0.0	0.001287	0.0	1.287	\N
101lol.info	93168300	1.0	0.0	5.5E-4	0.0	0.55	\N
101lol.info	98572500	3.00001	0.0	0.006041	0.0	2.0137	\N
101lol.info	98671140	3.00001	0.0	0.00697	0.0	2.3233	\N
101mehndidesigns.us	94815780	2.00004	0.0	0.00165	0.0	0.825	\N
101photography.info	89057820	3.00006	0.0	0.001476	0.0	0.492	\N
101photography.info	94815780	11.00022	0.0	0.008094	0.0	0.7358	\N
101tattoos.com	98797260	1.0	0.0	4.8E-4	0.0	0.48	\N
1025kiss.com	97701180	0.99999	0.0	2.91E-4	0.0	0.291	\N
1027kord.com	78634260	4.00005	0.0	0.005715	0.0	1.4287	\N
1027kord.com	79277220	3.00001	0.0	0.004288	0.0	1.4293	\N
10281.anonymous.google	63053340	7.00002	0.0	0.01179	0.0	1.6843	\N
10281.anonymous.google	94816260	1.99998	0.0	0.002826	0.0	1.413	\N
10281.anonymous.google	97432860	6.00012	0.0	0.010056	0.0	1.676	\N
10289.anonymous.google	94815780	4.00008	0.0	0.004296	0.0	1.074	\N
10289.anonymous.google	97701180	1.00002	0.0	9.39E-4	0.0	0.939	\N
10289.anonymous.google	98797260	4.00002	0.0	0.003201	0.0	0.8002	\N
102jamzorlando.cbslocal.com	79277220	2.00001	0.0	0.002499	0.0	1.2495	\N
102jamzorlando.cbslocal.com	81796980	2.00007	0.0	0.005004	0.0	2.5019	\N
102jamzorlando.cbslocal.com	93045540	2.00004	0.0	0.005796	0.0	2.8979	\N
102jamzorlando.cbslocal.com	95108820	1.99998	0.0	0.009369	0.0	4.6845	\N
10323.anonymous.google	93045540	6.0	0.0	0.008136	0.0	1.356	\N
1037litefm.cbslocal.com	78634260	4.99995	0.0	0.006993	0.0	1.3986	\N
1037litefm.cbslocal.com	84505500	0.99999	0.0	0.002502	0.0	2.502	\N
1037litefm.cbslocal.com	97432860	10.99974	0.0	0.015156	0.0	1.3779	\N
103kkcn.com	79277220	0.99999	0.0	0.001689	0.0	1.689	\N
1041jackfm.cbslocal.com	97432860	3.99996	0.0	0.005262	0.0	1.3155	\N
1045theteam.com	87991020	3.00004	0.0	0.002312	0.0	0.7707	\N
104krbe.listenernetwork.com	97432860	1.00002	0.0	0.001848	0.0	1.848	\N
1057thepoint.com	65669340	1.0	0.0	0.002072	0.0	2.072	\N
1057thepoint.com	71451180	6.00006	0.0	0.013248	0.0	2.208	\N
1057thepoint.com	75363180	1.00008	0.0	0.00704	0.0	7.0394	\N
1057thepoint.com	78634260	39.99996	0.0	0.045423	0.0	1.1356	\N
1057thepoint.com	94916220	1.99997	0.0	0.001819	0.0	0.9095	\N
1057thepoint.com	95922540	1.99998	0.0	3.78E-4	0.0	0.189	\N
1057thepoint.com	97882980	4.0	0.0	0.001726	0.0	0.4315	\N
1065thewolf.listenernetwork.com	97432860	1.00002	0.0	0.001482	0.0	1.482	\N
1070thefan.com	63053340	5.0004	0.0	0.01125	0.0	2.2498	\N
1070thefan.com	64753980	5.00004	0.0	0.001917	0.0	0.3834	\N
1070thefan.com	97432860	7.00008	0.0	0.009918	0.0	1.4168	\N
1077b064b3bca1bb.anonymous.google	84505500	1.00002	0.0	0.001548	0.0	1.548	\N
1077b064b3bca1bb.anonymous.google	94904820	0.99999	0.0	0.001251	0.0	1.251	\N
1077b064b3bca1bb.anonymous.google	97432860	4.99998	0.0	0.007686	0.0	1.5372	\N
1079ishot.com	87991020	1.99998	0.0	0.00111	0.0	0.555	\N
1079ishot.com	94815780	3.99984	0.0	0.004314	0.0	1.0785	\N
10956a89c181df49.anonymous.google	97432860	1.00002	0.0	0.001038	0.0	1.038	\N
10awesome.com	87991020	5.00002	0.0	0.012	0.0	2.4	\N
10best.com	62438220	2.99988	0.0	0.02241	0.0	7.4703	\N
10best.com	84505620	4.00002	0.0	0.008862	0.0	2.2155	\N
10best.com	95103540	2.00016	0.0	0.005328	0.0	2.6638	\N
10keytutor.com	78634260	0.99999	0.0	9.99E-4	0.0	0.999	\N
10knotes.1000notes.com	68660940	1.99989	0.0	8.46E-4	0.0	0.423	\N
10knotes.1000notes.com	90860100	4.00005	0.0	0.003192	0.0	0.798	\N
10knotes.1000notes.com	93045540	5.99994	0.0	0.003792	0.0	0.632	\N
10knotes.1000notes.com	97701180	1.00002	0.0	6.78E-4	0.0	0.678	\N
10knotes.1000notes.com	98572500	3.99997	0.0	0.005348	0.0	1.337	\N
10minutedinners.com	66566820	1.0	0.0	5.4E-4	0.0	0.54	\N
10minutedinners.com	79277220	2.0	0.0	0.00261	0.0	1.305	\N
10minutedinners.com	93045540	1.0	0.0	0.00158	0.0	1.58	\N
10minutemail.com	68660940	1.00008	0.0	9.09E-4	0.0	0.9089	\N
10minutemail.com	97701180	1.00002	0.0	9.9E-4	0.0	0.99	\N
10paperairplanes.com	97432860	2.00004	0.0	0.003684	0.0	1.842	\N
10realty.com	78634260	5.00013	0.0	0.007443	0.0	1.4886	\N
10wallpaper.com	87991020	1.00002	0.0	6.0E-4	0.0	0.6	\N
10yrsy.deviantart.com	98572500	1.99998	0.0	0.002952	0.0	1.476	\N
1130cc.com	93168420	1.0	0.0	0.0080	0.0	8.0	\N
1130cc.com	97432860	8.00006	0.0	0.01565	0.0	1.9562	\N
11aedf8e42492e70.anonymous.google	98671140	1.00004	0.0	0.001648	0.0	1.6479	\N
11vs11.com	93045540	2.0	0.0	0.00295	0.0	1.475	\N
120hz.net	66566820	2.0	0.0	7.92E-4	0.0	0.396	\N
120hz.net	78634260	1.99998	0.0	0.002706	0.0	1.353	\N
12185.anonymous.google	64151460	1.0	0.0	0.002702	0.0	2.702	\N
121c3d163c937469.anonymous.google	62438220	2.99997	0.0	0.008595	0.0	2.865	\N
121c3d163c937469.anonymous.google	81200100	1.00002	0.0	0.001128	0.0	1.128	\N
121c3d163c937469.anonymous.google	87991020	14.00022	0.0	0.037518	0.0	2.6798	\N
121c3d163c937469.anonymous.google	89057820	3.99996	0.0	0.001494	0.0	0.3735	\N
121c3d163c937469.anonymous.google	95458380	0.99999	0.0	7.2E-4	0.0	0.72	\N
123-games.net	71451180	1.99998	0.0	0.005076	0.0	2.538	\N
123-games.net	79277220	1.99998	0.0	0.003432	0.0	1.716	\N
123andhracinema.blogspot.in	97432860	1.00002	0.0	0.00141	0.0	1.41	\N
123andhranews.blogspot.com	97701060	1.0	0.0	7.0E-4	0.0	0.7	\N
123andhrazone.blogspot.in	71451180	6.00048	0.0	0.015624	0.0	2.6038	\N
123andhrazone.blogspot.in	78634260	2.99988	0.0	0.003951	0.0	1.3171	\N
123bee.com	79277220	2.99997	0.0	0.003891	0.0	1.297	\N
123bee.com	93045540	3.99996	0.0	0.003153	0.0	0.7883	\N
123bee.com	93168300	0.99996	0.0	9.0E-4	0.0	0.9	\N
123certificates.com	63053340	6.00012	0.0	0.014454	0.0	2.409	\N
123certificates.com	78632580	0.99999	0.0	0.007506	0.0	7.5061	\N
123certificates.com	97432860	3.0	0.0	0.004848	0.0	1.616	\N
123child.com	63053340	1.00008	0.0	0.001944	0.0	1.9438	\N
123child.com	97432860	3.99996	0.0	0.005538	0.0	1.3845	\N
123facts.com	81200100	0.99999	0.0	2.79E-4	0.0	0.279	\N
123facts.com	87991020	10.99998	0.0	0.009066	0.0	0.8242	\N
123facts.com	89057820	1.99998	0.0	7.29E-4	0.0	0.3645	\N
123facts.com	97701060	0.99999	0.0	6.81E-4	0.0	0.681	\N
123fbcovers.com	71451180	2.00016	0.0	0.00108	0.0	0.54	\N
123fbcovers.com	78634260	4.99995	0.0	0.003144	0.0	0.6288	\N
123fbcovers.com	79277220	1.99998	0.0	0.00126	0.0	0.63	\N
123fbcovers.com	93045540	3.00001	0.0	0.003164	0.0	1.0547	\N
123freebrushes.com	71451180	1.99998	0.0	2.88E-4	0.0	0.144	\N
123freebrushes.com	78634260	1.00008	0.0	1.98E-4	0.0	0.198	\N
123freebrushes.com	79277220	3.00003	0.0	0.002304	0.0	0.768	\N
123freebrushes.com	93045540	0.99999	0.0	5.01E-4	0.0	0.501	\N
123freebrushes.com	94916220	3.99999	0.0	0.002766	0.0	0.6915	\N
123freecell.com	92508780	3.0	0.0	0.004658	0.0	1.5527	\N
123freecell.com	94815780	4.0	0.0	0.00467	0.0	1.1675	\N
123freecell.com	95457780	1.0	0.0	0.00636	0.0	6.36	\N
123freecell.com	97701180	9.0	0.0	0.00559	0.0	0.6211	\N
123freecell.com	98797260	1.0	0.0	5.2E-4	0.0	0.52	\N
123freecell.com	98799060	1.99998	0.0	0.001743	0.0	0.8715	\N
123freevectors.com	71451180	7.99998	0.0	0.029148	0.0	3.6435	\N
123freevectors.com	78634260	12.99993	0.0	0.017445	0.0	1.3419	\N
123freevectors.com	98572500	1.99999	0.0	0.004952	0.0	2.476	\N
123freevectors.com	98802900	2.00007	0.0	0.001077	0.0	0.5385	\N
123friendster.com	97701060	2.00004	0.0	0.001002	0.0	0.501	\N
123glitter.com	63053340	2.99988	0.0	0.007212	0.0	2.4041	\N
123glitter.com	97432860	1.00002	0.0	0.001272	0.0	1.272	\N
123greetings.com	68660820	0.99999	0.0	0.002322	0.0	2.322	\N
123greetings.com	84505740	3.99996	0.0	0.011511	0.0	2.8778	\N
123greetings.com	87991020	87.00014	0.0	0.229164	0.0	2.6341	\N
123greetings.com	89057820	86.00013	0.0	0.092088	0.0	1.0708	\N
123greetings.com	90349740	5.99994	0.0	0.036252	0.0	6.0421	\N
123greetings.com	92508780	7.00002	0.0	0.020838	0.0	2.9768	\N
123greetings.com	93538380	20.0003	0.0	0.008586	0.0	0.4293	\N
123greetings.com	94815780	64.0002	0.0	0.05199	0.0	0.8123	\N
123greetings.com	95103540	7.00002	0.0	0.01461	0.0	2.0871	\N
123greetings.com	95457660	0.99999	0.0	0.001401	0.0	1.401	\N
123greetings.com	95458740	3.00003	0.0	0.010833	0.0	3.611	\N
123greetings.com	97701060	68.00031	0.0	0.044274	0.0	0.6511	\N
123greetings.com	98152620	2.0001	0.0	0.001815	0.0	0.9075	\N
123greetings.com	98580300	8.00001	0.0	0.009543	0.0	1.1929	\N
123greetings.com	98797260	26.99997	0.0	0.016005	0.0	0.5928	\N
123kinect.com	63053340	27.9999	0.0	0.043062	0.0	1.5379	\N
123kinect.com	98573820	2.00001	0.0	0.001203	0.0	0.6015	\N
123kinect.com	98670660	1.00002	0.0	5.46E-4	0.0	0.546	\N
123kizi.com	97432860	1.0	0.0	0.0020	0.0	2.0	\N
123macmini.com	90860100	1.0	0.0	0.001049	0.0	1.049	\N
123mommy.com	63053340	3.00006	0.0	0.005922	0.0	1.974	\N
123mommy.com	95109780	1.99989	0.0	0.001971	0.0	0.9856	\N
123mycodes.com	84505500	1.00002	0.0	0.002631	0.0	2.6309	\N
123mycodes.com	97432860	1.99996	0.0	8.58E-4	0.0	0.429	\N
123peppy.com	87991020	1.00002	0.0	9.12E-4	0.0	0.912	\N
123spicywala.blogspot.com	87991020	0.99998	0.0	5.3E-4	0.0	0.53	\N
123tagged.com	65529780	2.99988	0.0	0.010512	0.0	3.5041	\N
123tagged.com	97432860	3.99994	0.0	0.006756	0.0	1.689	\N
123teachme.com	68660940	0.99999	0.0	7.38E-4	0.0	0.738	\N
123teachme.com	72567660	312.0	0.0	0.071428	0.0	0.2289	\N
123teachme.com	80067900	4.00002	0.0	0.00153	0.0	0.3825	\N
123teachme.com	81796980	16.00038	0.0	0.029412	0.0	1.8382	\N
123teachme.com	90860100	14.99997	0.0	0.016632	0.0	1.1088	\N
123teachme.com	94904220	3.99999	0.0	0.004125	0.0	1.0313	\N
123teachme.com	95457780	0.99999	0.0	0.00447	0.0	4.47	\N
123teachme.com	97701180	11.00004	0.0	0.007617	0.0	0.6925	\N
123teachme.com	98580300	2.00004	0.0	0.003582	0.0	1.791	\N
123teachme.com	98797260	25.99996	0.0	0.013845	0.0	0.5325	\N
123telugu.com	94904820	4.00001	0.0	0.00265	0.0	0.6625	\N
123telugu.com	95922540	1.00002	0.0	1.32E-4	0.0	0.132	\N
123telugu.com	97432860	41.99974	0.0	0.051152	0.0	1.2179	\N
12737.anonymous.google	63053340	4.00014	0.0	0.008658	0.0	2.1644	\N
12737.anonymous.google	97432860	5.00004	0.0	0.007374	0.0	1.4748	\N
1280thezone.com	98573820	4.99995	0.0	0.006588	0.0	1.3176	\N
1280thezone.com	98670660	2.99997	0.0	0.005664	0.0	1.888	\N
1280thezone.com	98671380	1.99998	0.0	0.004239	0.0	2.1195	\N
12c91a93f6591e47.anonymous.google	98152740	0.99999	0.0	0.003579	0.0	3.579	\N
12horoscopesigns.com	78634260	0.99999	0.0	0.00111	0.0	1.11	\N
12kisses.com	68660820	3.00006	0.0	0.00675	0.0	2.25	\N
12most.com	62438220	0.99999	0.0	0.001701	0.0	1.701	\N
12most.com	95457900	0.99999	0.0	0.002271	0.0	2.271	\N
12most.com	98573820	0.99999	0.0	9.99E-4	0.0	0.999	\N
131auction.net	97701060	0.99999	0.0	6.78E-4	0.0	0.678	\N
1320am.com	81796980	1.99998	0.0	0.001401	0.0	0.7005	\N
1320am.com	97701180	1.99998	0.0	0.001641	0.0	0.8205	\N
1320am.com	98797260	1.0	0.0	6.3E-4	0.0	0.63	\N
1380kcim.com	63053340	5.0001	0.0	0.007962	0.0	1.5924	\N
13813.anonymous.google	72853500	2.00008	0.0	0.001588	0.0	0.794	\N
13813.anonymous.google	78632580	5.00004	0.0	0.018207	0.0	3.6414	\N
13813.anonymous.google	84505500	1.99998	0.0	0.003102	0.0	1.551	\N
13813.anonymous.google	91109580	1.99999	0.0	0.002102	0.0	1.051	\N
13813.anonymous.google	92508540	2.0	0.0	0.001616	0.0	0.808	\N
13813.anonymous.google	94904820	0.99999	0.0	0.002001	0.0	2.001	\N
13813.anonymous.google	95922540	1.99998	0.0	4.2E-4	0.0	0.21	\N
13813.anonymous.google	97432860	28.00024	0.0	0.023358	0.0	0.8342	\N
13813.anonymous.google	98806380	7.00002	0.0	0.005258	0.0	0.7511	\N
13815.anonymous.google	68660940	0.99999	0.0	9.09E-4	0.0	0.909	\N
13815.anonymous.google	90860100	19.0	0.0	0.02338	0.0	1.2305	\N
13815.anonymous.google	93045540	47.99998	0.0	0.12181	0.0	2.5377	\N
13815.anonymous.google	94904220	2.0	0.0	0.00336	0.0	1.68	\N
13815.anonymous.google	95457780	4.0	0.0	0.01632	0.0	4.08	\N
13815.anonymous.google	95458860	1.0	0.0	0.00587	0.0	5.87	\N
13815.anonymous.google	97701180	4.0	0.0	0.00322	0.0	0.805	\N
13815.anonymous.google	98805420	0.99999	0.0	9.3E-4	0.0	0.93	\N
13colonies.pppst.com	90860100	0.99999	0.0	0.0015	0.0	1.5	\N
13d34c292338bc6f.anonymous.google	78634260	3.99996	0.0	0.007848	0.0	1.962	\N
13deals.com	90349740	1.0	0.0	0.0077	0.0	7.7	\N
13ghosts.wikia.com	81200100	0.99999	0.0	5.01E-4	0.0	0.501	\N
13wmaz.com	94815780	1.00002	0.0	0.001128	0.0	1.128	\N
13wmaz.com	97701180	3.0	0.0	0.00207	0.0	0.69	\N
14131.anonymous.google	97432860	2.99994	0.0	0.005192	0.0	1.7307	\N
14255.anonymous.google	63053340	31.00062	0.0	0.060972	0.0	1.9668	\N
14255.anonymous.google	65529780	73.0008	1.00008	0.63207	0.0137	8.6584	0.632019
14255.anonymous.google	75363180	4.99996	0.0	0.047764	0.0	9.5529	\N
14255.anonymous.google	78632580	2.00007	0.0	0.016254	0.0	8.1267	\N
14255.anonymous.google	84505500	0.99999	0.0	0.001569	0.0	1.569	\N
14255.anonymous.google	95458140	0.99999	0.0	0.00813	0.0	8.1301	\N
14255.anonymous.google	95458500	2.00001	0.0	0.01626	0.0	8.13	\N
14255.anonymous.google	97432860	2.0	0.0	0.003292	0.0	1.646	\N
14279.anonymous.google	64753980	2.00002	0.0	7.89E-4	0.0	0.3945	\N
14279.anonymous.google	91109580	1.0	0.0	5.3E-4	0.0	0.53	\N
14279.anonymous.google	95109780	3.00006	0.0	0.002382	0.0	0.794	\N
14279.anonymous.google	98804580	0.99999	0.0	3.06E-4	0.0	0.306	\N
14279.anonymous.google	98806380	1.0	0.0	0.00392	0.0	3.92	\N
14285.anonymous.google	71451180	60.00102	0.0	0.216234	0.0	3.6038	\N
14285.anonymous.google	75363180	1.99998	0.0	0.006912	0.0	3.456	\N
14285.anonymous.google	93168420	5.00008	0.0	0.028166	0.0	5.6331	\N
14285.anonymous.google	95457420	6.99996	0.0	0.034679	0.0	4.9542	\N
14285.anonymous.google	95458500	2.00004	0.0	0.006876	0.0	3.4379	\N
14363.anonymous.google	98805660	6.0003	0.0	0.0054	0.0	0.9	\N
14365.anonymous.google	66206220	1.99992	0.0	0.006318	0.0	3.1591	\N
14365.anonymous.google	66566820	6.00048	0.0	0.005472	0.0	0.9119	\N
14365.anonymous.google	71451180	6.9993	0.0	0.014904	0.0	2.1294	\N
14365.anonymous.google	79277220	6.99996	0.0	0.01125	0.0	1.6072	\N
14365.anonymous.google	92508420	0.99996	0.0	0.00255	0.0	2.5501	\N
14365.anonymous.google	93045540	9.99987	0.0	0.016683	0.0	1.6683	\N
143dressup.com	78634260	9.99984	0.0	0.012927	0.0	1.2927	\N
143dressup.com	94916220	1.0	0.0	0.0010	0.0	1.0	\N
14452085.www.fanpop.com	78634260	1.00002	0.0	0.001992	0.0	1.992	\N
14469.anonymous.google	65669340	1.99992	0.0	0.001416	0.0	0.708	\N
14469.anonymous.google	72853500	1.00002	0.0	7.02E-4	0.0	0.702	\N
14469.anonymous.google	75363180	1.00008	0.0	0.003444	0.0	3.4437	\N
14469.anonymous.google	91126380	5.00025	0.0	0.01074	0.0	2.1479	\N
14469.anonymous.google	92508420	0.99996	0.0	0.002016	0.0	2.0161	\N
14469.anonymous.google	92509140	1.99992	0.0	0.001212	0.0	0.606	\N
14469.anonymous.google	94905060	0.99999	0.0	2.22E-4	0.0	0.222	\N
14469.anonymous.google	98671620	29.99982	0.0	0.016956	0.0	0.5652	\N
14579.anonymous.google	81796980	3.0	0.0	0.005916	0.0	1.972	\N
14579.anonymous.google	90860100	1.0	0.0	0.0014	0.0	1.4	\N
14579.anonymous.google	93045540	97.0	0.0	0.125312	0.0	1.2919	\N
14579.anonymous.google	94904220	3.0	0.0	0.00381	0.0	1.27	\N
14579.anonymous.google	98152740	1.0	0.0	0.00268	0.0	2.68	\N
14579.anonymous.google	98572500	23.0001	0.0	0.042918	0.0	1.866	\N
14579.anonymous.google	98671140	15.00002	0.0	0.03151	0.0	2.1007	\N
1461days.blogspot.com	79277220	3.99996	0.0	0.015111	0.0	3.7778	\N
1461days.blogspot.com	93045540	0.99999	0.0	0.00207	0.0	2.07	\N
148apps.com	71451180	3.99996	0.0	0.009216	0.0	2.304	\N
148apps.com	93045540	1.0	0.0	0.00124	0.0	1.24	\N
148apps.com	98152740	0.99998	0.0	0.0025	0.0	2.5001	\N
148apps.com	98572500	1.00002	0.0	0.00153	0.0	1.53	\N
14th-amendment-summary.tumblr.com	78634260	1.00008	0.0	0.001278	0.0	1.2779	\N
150currency.com	93045540	0.99999	0.0	0.002851	0.0	2.851	\N
150followers.org	66566820	1.0	0.0	0.004188	0.0	4.188	\N
159865ef73296d98.anonymous.google	90860100	0.99999	0.0	0.001521	0.0	1.521	\N
160by2.com	68660820	0.99999	0.0	0.001401	0.0	1.401	\N
160by2.com	87991020	4.0	0.0	0.00326	0.0	0.815	\N
16a5239bc44a28e5.anonymous.google	91109580	1.0	0.0	0.001381	0.0	1.381	\N
16a5239bc44a28e5.anonymous.google	98573820	2.0	0.0	0.00445	0.0	2.225	\N
16a5239bc44a28e5.anonymous.google	98671380	1.0	0.0	0.00172	0.0	1.72	\N
16c8aec745e3d559.anonymous.google	66566820	0.99996	0.0	9.36E-4	0.0	0.936	\N
16fingers.deviantart.com	93045540	0.99999	0.0	0.001551	0.0	1.551	\N
1728.org	66566820	1.0	0.0	0.00344	0.0	3.44	\N
1728.org	71451180	3.99984	0.0	0.013032	0.0	3.2581	\N
1728.org	78634260	8.00004	0.0	0.012231	0.0	1.5289	\N
1728.org	79277220	11.99997	0.0	0.04554	0.0	3.795	\N
1728.org	92508420	1.0	0.0	0.00961	0.0	9.61	\N
1728.org	93045540	7.00001	0.0	0.013693	0.0	1.9561	\N
1728.org	95108820	1.00008	0.0	0.009018	0.0	9.0173	\N
1728.org	98152740	2.0	0.0	0.00827	0.0	4.135	\N
1757e193597c3fef.anonymous.google	68660940	13.99989	0.0	0.013389	0.0	0.9564	\N
1757e193597c3fef.anonymous.google	81796980	53.99955	0.0	0.110652	0.0	2.0491	\N
1757e193597c3fef.anonymous.google	90860100	62.0	0.0	0.07037	0.0	1.135	\N
1757e193597c3fef.anonymous.google	94904220	60.0	0.0	0.0838	0.0	1.3967	\N
1757e193597c3fef.anonymous.google	95457780	481.99996	3.0	2.723706	0.006224	5.6508	0.907902
1757e193597c3fef.anonymous.google	95458860	19.0	0.0	0.09381	0.0	4.9374	\N
1757e193597c3fef.anonymous.google	97701180	102.99997	0.0	0.095518	0.0	0.9274	\N
1757e193597c3fef.anonymous.google	98797260	28.0	0.0	0.02451	0.0	0.8754	\N
1757e193597c3fef.anonymous.google	98799060	0.99999	0.0	9.39E-4	0.0	0.939	\N
176406ff6800105e.anonymous.google	64151460	15.0	1.00002	0.09528	0.066668	6.352	0.095278
176406ff6800105e.anonymous.google	64753980	2.99998	0.0	0.004559	0.0	1.5197	\N
176406ff6800105e.anonymous.google	81200100	2.0	0.0	0.001642	0.0	0.821	\N
176406ff6800105e.anonymous.google	81367980	0.99996	0.0	0.001368	0.0	1.3681	\N
176406ff6800105e.anonymous.google	84505620	2.00004	0.0	0.004686	0.0	2.343	\N
176406ff6800105e.anonymous.google	91109580	1.00002	0.0	0.00108	0.0	1.08	\N
176406ff6800105e.anonymous.google	94904940	1.0	0.0	0.0	0.0	0.0	\N
176406ff6800105e.anonymous.google	95109780	28.99988	0.0	0.035262	0.0	1.2159	\N
176406ff6800105e.anonymous.google	95457900	32.9999	0.0	0.215776	0.0	6.5387	\N
176406ff6800105e.anonymous.google	95458260	0.99999	0.0	0.006249	0.0	6.2491	\N
176406ff6800105e.anonymous.google	95458620	2.00001	0.0	0.012501	0.0	6.2505	\N
176406ff6800105e.anonymous.google	98804580	1.99998	0.0	0.001566	0.0	0.783	\N
176406ff6800105e.anonymous.google	98806380	2.0	0.0	0.0051	0.0	2.55	\N
17d459a032e5f05d.anonymous.google	71451180	5.99976	0.0	0.015246	0.0	2.5411	\N
17d459a032e5f05d.anonymous.google	75363180	0.99999	0.0	0.005994	0.0	5.9941	\N
17d459a032e5f05d.anonymous.google	95457420	0.99996	0.0	0.006402	0.0	6.4023	\N
1800mobiles.com	87991020	4.0	0.0	0.02495	0.0	6.2375	\N
1809cde0faca5d26.anonymous.google	98572500	2.0	0.0	0.00296	0.0	1.48	\N
180ae1bee7074ccc.anonymous.google	84505620	0.99999	0.0	0.00225	0.0	2.25	\N
181f851bef09d9e4.anonymous.google	92509140	2.00004	0.0	0.001272	0.0	0.636	\N
181f851bef09d9e4.anonymous.google	93045540	1.99998	0.0	0.00324	0.0	1.62	\N
1828-dictionary.com	87991020	2.00004	0.0	0.001158	0.0	0.579	\N
1828-dictionary.com	97701060	0.99999	0.0	7.41E-4	0.0	0.741	\N
1858remington.com	94905060	2.0	0.0	0.002819	0.0	1.4095	\N
1858remington.com	98580900	0.99999	0.0	2.31E-4	0.0	0.231	\N
18860160e1cf86a5.anonymous.google	95457780	1.00002	0.0	0.007272	0.0	7.2719	\N
18d399a65caf0ce0.anonymous.google	72853500	3.00006	0.0	0.00144	0.0	0.48	\N
18d399a65caf0ce0.anonymous.google	78634260	12.99969	0.0	0.016839	0.0	1.2953	\N
18d399a65caf0ce0.anonymous.google	94905060	1.99998	0.0	0.001671	0.0	0.8355	\N
18d399a65caf0ce0.anonymous.google	95922540	0.9999	0.0	1.71E-4	0.0	0.171	\N
18thbirthdayideas.info	87991020	3.0	0.0	0.002808	0.0	0.936	\N
1900census.com	97432860	0.99996	0.0	8.52E-4	0.0	0.852	\N
1902encyclopedia.com	79277220	1.00002	0.0	0.019788	0.0	19.7876	\N
1913intel.com	89057820	1.00008	0.0	0.003708	0.0	3.7077	\N
192-168-21.com	97432860	1.0	0.0	0.00131	0.0	1.31	\N
192.com	63053340	6.00042	0.0	0.011172	0.0	1.8619	\N
192.com	84505500	0.99999	0.0	0.001899	0.0	1.899	\N
192.com	91109580	2.99997	0.0	0.003372	0.0	1.124	\N
192.com	95457420	1.0	0.0	0.00249	0.0	2.49	\N
192.com	97432860	12.00016	0.0	0.016952	0.0	1.4126	\N
1920x1200.net	63053340	1.99998	0.0	0.001026	0.0	0.513	\N
1920x1200.net	65529780	0.9999	0.0	0.001998	0.0	1.9982	\N
1920x1200.net	74748420	0.99999	0.0	9.36E-4	0.0	0.936	\N
1966myfavoriteyear.blogspot.com	98573820	1.00002	0.0	4.11E-4	0.0	0.411	\N
1966myfavoriteyear.blogspot.com	98670660	0.99999	0.0	3.9E-4	0.0	0.39	\N
1969stang.com	81200100	0.99999	0.0	9.51E-4	0.0	0.951	\N
1970sflashback.com	92508780	2.00004	0.0	0.005166	0.0	2.5829	\N
1972c5.com	95457780	1.00001	0.0	0.003099	0.0	3.099	\N
1980-games.com	89057820	4.00014	0.0	0.005346	0.0	1.3365	\N
1980-games.com	94815780	4.99998	0.0	0.00291	0.0	0.582	\N
1980sflashback.com	78634260	0.99999	0.0	0.002025	0.0	2.025	\N
1990sflashback.com	63053340	1.00008	0.0	0.002052	0.0	2.0518	\N
19te.enjin.com	78634260	2.99997	0.0	0.00387	0.0	1.29	\N
1a.kontraband.com	66566820	3.99996	0.0	0.008412	0.0	2.103	\N
1a.kontraband.com	79277220	31.99989	0.0	0.041097	0.0	1.2843	\N
1a.kontraband.com	93045540	16.99996	0.0	0.019179	0.0	1.1282	\N
1a.kontraband.com	94904220	0.99999	0.0	0.00117	0.0	1.17	\N
1a.kontraband.com	98572500	0.99999	0.0	0.00117	0.0	1.17	\N
1a.kontraband.com	98671140	0.99999	0.0	0.001299	0.0	1.299	\N
1a8e56efda71396e.anonymous.google	63053340	1.99998	0.0	0.00438	0.0	2.19	\N
1a8e56efda71396e.anonymous.google	78634260	7.99998	0.0	0.012288	0.0	1.536	\N
1a8e56efda71396e.anonymous.google	97432860	3.00002	0.0	0.004368	0.0	1.456	\N
1award.co.uk	97432860	4.00002	0.0	0.004794	0.0	1.1985	\N
1award.co.uk	98573820	0.99999	0.0	6.9E-4	0.0	0.69	\N
1b46ba5e479b664f.anonymous.google	81796980	0.99999	0.0	0.002754	0.0	2.754	\N
1b46ba5e479b664f.anonymous.google	93045540	3.0	0.0	0.0027	0.0	0.9	\N
1b46ba5e479b664f.anonymous.google	97701180	1.0	0.0	7.5E-4	0.0	0.75	\N
1b46ba5e479b664f.anonymous.google	98572500	0.99999	0.0	0.002751	0.0	2.751	\N
1b799cd97c0584e5.anonymous.google	71451180	91.00116	0.0	0.191634	0.0	2.1058	\N
1b799cd97c0584e5.anonymous.google	72853500	22.0	0.0	0.015776	0.0	0.7171	\N
1b799cd97c0584e5.anonymous.google	75363180	2.0	0.0	0.0064	0.0	3.2	\N
1b799cd97c0584e5.anonymous.google	78634260	113.99952	0.0	0.132504	0.0	1.1623	\N
1b799cd97c0584e5.anonymous.google	84505500	18.0	0.0	0.03173	0.0	1.7628	\N
1b799cd97c0584e5.anonymous.google	92508540	3.0	0.0	0.0020	0.0	0.6667	\N
1b799cd97c0584e5.anonymous.google	93168420	2.0	0.0	0.00321	0.0	1.605	\N
1b799cd97c0584e5.anonymous.google	94904700	6.0	0.0	0.00653	0.0	1.0883	\N
1b799cd97c0584e5.anonymous.google	94905060	1.0	0.0	6.3E-4	0.0	0.63	\N
1b799cd97c0584e5.anonymous.google	97432860	167.0	0.0	0.197344	0.0	1.1817	\N
1b799cd97c0584e5.anonymous.google	98671620	2.0	0.0	0.00129	0.0	0.645	\N
1blueplanet.com	97432860	2.0	0.0	0.00182	0.0	0.91	\N
1c1f71abfb2f4c78.anonymous.google	97701180	1.00002	0.0	8.4E-4	0.0	0.84	\N
1c50f4a2364cb487.anonymous.google	78634260	0.9999	0.0	0.001638	0.0	1.6382	\N
1c50f4a2364cb487.anonymous.google	79277220	1.00002	0.0	0.004302	0.0	4.3019	\N
1cdf466e11169c0f.anonymous.google	80067900	3.99996	0.0	0.001221	0.0	0.3053	\N
1cdf466e11169c0f.anonymous.google	97701180	9.99996	0.0	0.004719	0.0	0.4719	\N
1cdf466e11169c0f.anonymous.google	98580300	2.00001	0.0	0.004623	0.0	2.3115	\N
1cdf466e11169c0f.anonymous.google	98797260	40.99995	0.0	0.019986	0.0	0.4875	\N
1cdf466e11169c0f.anonymous.google	98803140	0.99999	0.0	1.08E-4	0.0	0.108	\N
1clipart.com	90860100	0.99999	0.0	0.001419	0.0	1.419	\N
1cookinggames.com	98573820	2.99997	0.0	0.005631	0.0	1.877	\N
1cookinggames.com	98671380	0.99999	0.0	0.001992	0.0	1.992	\N
1cup1coffee.com	63053340	2.00004	0.0	0.004476	0.0	2.238	\N
1dak.com	94815780	1.00002	0.0	8.34E-4	0.0	0.834	\N
1designfree.com	87991020	1.0	0.0	5.0E-4	0.0	0.5	\N
1directiononline.com	98573820	2.0	0.0	6.4E-4	0.0	0.32	\N
1dollarparty.com	90860100	1.0	0.0	0.0010	0.0	1.0	\N
1fghp.com	94904220	1.0	0.0	0.00183	0.0	1.83	\N
1funny.com	63053340	3.00024	0.0	0.00423	0.0	1.4099	\N
1funny.com	93168420	1.00002	0.0	0.013602	0.0	13.6017	\N
1funny.com	97432860	3.00006	0.0	0.00441	0.0	1.47	\N
1happybirthday.com	92508780	1.00002	0.0	0.002598	0.0	2.5979	\N
1happybirthday.com	94815780	0.99996	0.0	0.00105	0.0	1.05	\N
1happybirthday.com	95457780	0.99999	0.0	0.004392	0.0	4.392	\N
1happybirthday.com	97701180	2.00001	0.0	0.001821	0.0	0.9105	\N
1happybirthday.com	98797260	2.99997	0.0	0.001494	0.0	0.498	\N
1lineart.kulaone.com	97432860	0.99996	0.0	8.28E-4	0.0	0.828	\N
1millionpictures.com	97701060	0.99999	0.0	9.81E-4	0.0	0.981	\N
1pd.org	65529780	1.99992	0.0	0.018228	0.0	9.1144	\N
1pd.org	84505620	1.00002	0.0	0.00264	0.0	2.6399	\N
1plus1plus1equals1.com	71451180	6.00048	0.0	0.007014	0.0	1.1689	\N
1plus1plus1equals1.com	78634260	2.99997	0.0	0.006048	0.0	2.016	\N
1plus1plus1equals1.net	72567660	15.99996	0.0	0.00363	0.0	0.2269	\N
1plus1plus1equals1.net	81796980	0.99999	0.0	0.001305	0.0	1.305	\N
1plus1plus1equals1.net	94904220	1.99998	0.0	0.00324	0.0	1.62	\N
1plus1plus1equals1.net	97701180	2.00001	0.0	0.001047	0.0	0.5235	\N
1plus1plus1equals1.net	98797260	25.99995	0.0	0.019896	0.0	0.7652	\N
1rwn.com	97701180	0.99999	0.0	9.3E-4	0.0	0.93	\N
1st-in-hybrid.com	89057820	0.99999	0.0	0.003999	0.0	3.999	\N
1stfun.com	94815780	2.00002	0.0	0.00181	0.0	0.905	\N
1stopboracay.com	95457900	1.00002	0.0	0.005002	0.0	5.0019	\N
1stwebdesigner.com	78634260	2.00007	0.0	0.003645	0.0	1.8224	\N
1stwebdesigner.com	94916220	2.00004	0.0	0.001191	0.0	0.5955	\N
1stwebdesigner.com	97432860	2.99996	0.0	0.003674	0.0	1.2247	\N
1teachingkids.blogspot.com	72567660	1.00002	0.0	3.9E-4	0.0	0.39	\N
1up-island.com	63053340	6.99996	0.0	0.011484	0.0	1.6406	\N
1wrestling.com	71451180	1.00002	0.0	0.002418	0.0	2.418	\N
1wrestling.com	78634260	2.00004	0.0	0.00294	0.0	1.47	\N
1x57.com	87991020	2.99998	0.0	0.00209	0.0	0.6967	\N
2-tickets.com	64151460	0.99996	0.0	0.005364	0.0	5.3642	\N
2-tickets.com	84505620	2.00001	0.0	0.00405	0.0	2.025	\N
2-tickets.com	98670660	1.00002	0.0	9.51E-4	0.0	0.951	\N
2000musicradio.com	91109580	0.99999	0.0	7.2E-5	0.0	0.072	\N
2012-calendars-printable.com	91126380	1.0	0.0	0.00246	0.0	2.46	\N
2012-presidential-candidates.findthedata.org	71451180	0.99996	0.0	0.002502	0.0	2.5021	\N
2012-presidential-candidates.findthedata.org	78634260	7.00026	0.0	0.005502	0.0	0.786	\N
2012-presidential-candidates.findthedata.org	93045540	2.00002	0.0	0.007066	0.0	3.533	\N
2012.candidate-comparison.org	84505620	1.00002	0.0	0.00177	0.0	1.77	\N
2012.candidate-comparison.org	87991020	3.00012	0.0	0.002556	0.0	0.852	\N
2012.candidate-comparison.org	89326260	1.00002	0.0	0.004992	0.0	4.9919	\N
2012.independent-candidate.org	92508780	0.99996	0.0	0.003402	0.0	3.4021	\N
2012.presidential-candidates.org	71451180	9.0003	0.0	0.024774	0.0	2.7526	\N
2012.presidential-candidates.org	72853500	1.0	0.0	8.68E-4	0.0	0.868	\N
2012.presidential-candidates.org	78634260	18.99999	0.0	0.028509	0.0	1.5005	\N
2012.presidential-candidates.org	84505500	1.0	0.0	0.002252	0.0	2.252	\N
2012.presidential-candidates.org	93168420	1.0	0.0	0.008836	0.0	8.836	\N
2012.presidential-candidates.org	94904700	1.99999	0.0	0.002833	0.0	1.4165	\N
2012.presidential-candidates.org	94916220	1.00002	0.0	6.0E-4	0.0	0.6	\N
2012.presidential-candidates.org	95458500	1.0	0.0	0.002762	0.0	2.762	\N
2012.presidential-candidates.org	97432860	9.00014	0.0	0.013716	0.0	1.524	\N
2012.republican-candidates.org	95457780	2.00001	0.0	0.009849	0.0	4.9245	\N
2012.republican-candidates.org	98572500	1.00002	0.0	9.21E-4	0.0	0.921	\N
2012.talkingpointsmemo.com	64151460	4.99984	0.0	0.018236	0.0	3.6473	\N
2012.talkingpointsmemo.com	64753980	10.99997	0.0	0.008601	0.0	0.7819	\N
2012.talkingpointsmemo.com	81200100	0.99998	0.0	0.001198	0.0	1.198	\N
2012.talkingpointsmemo.com	81367980	1.0	0.0	0.00181	0.0	1.81	\N
2012.talkingpointsmemo.com	81368100	0.99996	0.0	3.96E-4	0.0	0.396	\N
2012.talkingpointsmemo.com	84505620	4.00002	0.0	0.010194	0.0	2.5485	\N
2012.talkingpointsmemo.com	95109780	11.00001	0.0	0.01504	0.0	1.3673	\N
2012.talkingpointsmemo.com	95457900	6.99996	0.0	0.027594	0.0	3.942	\N
2012.talkingpointsmemo.com	95458620	1.00002	0.0	0.003999	0.0	3.9989	\N
2012.talkingpointsmemo.com	98573820	7.99996	0.0	0.018948	0.0	2.3685	\N
2012.talkingpointsmemo.com	98670660	4.00002	0.0	0.011073	0.0	2.7682	\N
2012.talkingpointsmemo.com	98671380	3.00003	0.0	0.007503	0.0	2.501	\N
2012.talkingpointsmemo.com	98806380	2.00001	0.0	0.009912	0.0	4.956	\N
2012airjordanshoes.com	91109580	1.0	0.0	0.0015	0.0	1.5	\N
2012auditions.com	97432860	1.00002	0.0	5.64E-4	0.0	0.564	\N
2012calendardates.com	78634260	4.00002	0.0	0.006522	0.0	1.6305	\N
2012electoralcollegecalculator.com	97432860	0.99996	0.0	0.001554	0.0	1.5541	\N
2012freeastrology.com	93045540	1.0	0.0	0.00344	0.0	3.44	\N
2012haircolorhairstyle.info	78634260	0.99999	0.0	0.001683	0.0	1.683	\N
2012indyinfo.com	79277220	2.0	0.0	0.00211	0.0	1.055	\N
2012presidentialelectionnews.com	65669340	2.99994	0.0	0.012528	0.0	4.1761	\N
2012presidentialelectionnews.com	66206220	20.00004	0.0	0.09543	0.0	4.7715	\N
2012presidentialelectionnews.com	66566820	62.00076	0.0	0.568524	0.0	9.1696	\N
2012presidentialelectionnews.com	71451180	41.0004	0.0	0.1458	0.0	3.5561	\N
2012presidentialelectionnews.com	75363180	7.0002	0.0	0.057159	0.0	8.1653	\N
2012presidentialelectionnews.com	78634260	26.00019	0.0	0.042003	0.0	1.6155	\N
2012presidentialelectionnews.com	79277220	14.99994	0.0	0.205494	0.0	13.6997	\N
2012presidentialelectionnews.com	92508420	4.99992	0.0	0.029472	0.0	5.8945	\N
2012presidentialelectionnews.com	92509140	1.00002	0.0	6.48E-4	0.0	0.648	\N
2012presidentialelectionnews.com	94816140	0.99996	0.0	0.008952	0.0	8.9524	\N
2012presidentialelectionnews.com	94904700	2.00001	0.0	0.003591	0.0	1.7955	\N
2012presidentialelectionnews.com	94916220	0.99999	0.0	0.00111	0.0	1.11	\N
2012presidentialelectionnews.com	95458020	1.99998	0.0	0.016293	0.0	8.1466	\N
2012presidentialelectionnews.com	95458980	3.99996	0.0	0.029208	0.0	7.3021	\N
2012presidentialelectionnews.com	98152740	0.99999	0.0	0.004998	0.0	4.998	\N
2012presidentialelectionnews.com	98572500	2.00001	0.0	0.005049	0.0	2.5245	\N
2012presidentialelectionnews.com	98578860	1.99998	0.0	0.00519	0.0	2.595	\N
2012presidentialelectionnews.com	98671140	2.00001	0.0	0.0054	0.0	2.7	\N
2012theyear.org	94815780	1.0	0.0	0.00115	0.0	1.15	\N
2013calendarwithholidays.org	87991020	0.99996	0.0	9.0E-4	0.0	0.9	\N
2013phones.com	66566820	0.99996	0.0	0.015984	0.0	15.9846	\N
2014tupac.com	63053340	0.99996	0.0	0.00216	0.0	2.1601	\N
2084.org	87991020	1.99998	0.0	0.0084	0.0	4.2	\N
20cents-video.com	98572500	3.0	0.0	0.00719	0.0	2.3967	\N
20poorandfabulous.com	66566820	1.00004	0.0	0.00236	0.0	2.3599	\N
20somethingfinance.com	89057820	0.99999	0.0	0.003852	0.0	3.852	\N
21c8bedd279b9c02.anonymous.google	64753980	2.99997	0.0	0.001752	0.0	0.584	\N
21c8bedd279b9c02.anonymous.google	84505620	2.00004	0.0	0.00342	0.0	1.71	\N
21c8bedd279b9c02.anonymous.google	98573820	3.0	0.0	0.00825	0.0	2.75	\N
21c8bedd279b9c02.anonymous.google	98670660	2.0001	0.0	0.0030	0.0	1.4999	\N
21c8bedd279b9c02.anonymous.google	98671380	2.00001	0.0	0.005448	0.0	2.724	\N
21d9a90a8552e03d.anonymous.google	89057820	2.00016	0.0	0.007488	0.0	3.7437	\N
21d9a90a8552e03d.anonymous.google	90349740	0.99996	0.0	0.00366	0.0	3.6601	\N
21d9a90a8552e03d.anonymous.google	95457660	1.00002	0.0	0.005121	0.0	5.1209	\N
21d9a90a8552e03d.anonymous.google	97701060	1.00002	0.0	6.09E-4	0.0	0.609	\N
21f66b6c0bd9f271.anonymous.google	63053340	1.00008	0.0	2.52E-4	0.0	0.252	\N
21fa64a061833168.anonymous.google	66206220	1.00002	0.0	0.002592	0.0	2.5919	\N
21fa64a061833168.anonymous.google	66566820	8.00004	0.0	0.007392	0.0	0.924	\N
21fa64a061833168.anonymous.google	71451180	8.00028	0.0	0.016182	0.0	2.0227	\N
21fa64a061833168.anonymous.google	78634260	28.99989	0.0	0.031878	0.0	1.0992	\N
21fa64a061833168.anonymous.google	81796980	4.00005	0.0	0.010179	0.0	2.5447	\N
21fa64a061833168.anonymous.google	93045540	12.9999	0.0	0.011424	0.0	0.8788	\N
21fa64a061833168.anonymous.google	94905060	1.00002	0.0	0.00183	0.0	1.83	\N
21fa64a061833168.anonymous.google	95108820	1.99998	0.0	0.006501	0.0	3.2505	\N
21fa64a061833168.anonymous.google	98572500	5.99998	0.0	0.004518	0.0	0.753	\N
21fa64a061833168.anonymous.google	98579580	1.00002	0.0	0.001251	0.0	1.251	\N
21fa64a061833168.anonymous.google	98671140	2.99998	0.0	0.003192	0.0	1.064	\N
21gag.com	93045540	4.99996	0.0	0.007106	0.0	1.4212	\N
21gag.com	97701180	1.00002	0.0	9.0E-4	0.0	0.9	\N
21gag.com	98572500	4.00002	0.0	0.00758	0.0	1.895	\N
21stbirthdayideas.info	71451180	1.9998	0.0	0.006336	0.0	3.1683	\N
2215065855014ccf.anonymous.google	66566820	1.99992	0.0	0.001656	0.0	0.828	\N
2215065855014ccf.anonymous.google	71451180	4.00014	0.0	0.009636	0.0	2.4089	\N
2215065855014ccf.anonymous.google	78634260	14.75001	0.0	0.01689	0.0	1.1451	\N
2215065855014ccf.anonymous.google	93045540	4.99998	0.0	0.0072	0.0	1.44	\N
22862c7e75f54242.anonymous.google	68660820	0.99999	0.0	0.002502	0.0	2.502	\N
22862c7e75f54242.anonymous.google	89057820	3.0	0.0	0.007824	0.0	2.608	\N
22865db8bcc72803.anonymous.google	66206220	34.99926	0.0	0.0714	0.0	2.04	\N
22865db8bcc72803.anonymous.google	66566820	60.99916	0.0	0.116076	0.0	1.9029	\N
22865db8bcc72803.anonymous.google	71451180	91.99686	0.0	0.184194	0.0	2.0022	\N
22865db8bcc72803.anonymous.google	79277220	1.00002	0.0	0.001632	0.0	1.632	\N
22865db8bcc72803.anonymous.google	81796980	5.00004	0.0	0.008145	0.0	1.629	\N
22865db8bcc72803.anonymous.google	92508420	5.99988	0.0	0.011616	0.0	1.936	\N
22865db8bcc72803.anonymous.google	94904700	12.00021	0.0	0.021426	0.0	1.7855	\N
22865db8bcc72803.anonymous.google	95108820	24.0001	0.0	0.059832	0.0	2.493	\N
22865db8bcc72803.anonymous.google	98152740	2.00004	0.0	0.003264	0.0	1.632	\N
2295602da218c0e9.anonymous.google	63053340	197.99778	0.0	0.32472	0.0	1.64	\N
2295602da218c0e9.anonymous.google	65529780	1.00008	0.0	0.007416	0.0	7.4154	\N
2295602da218c0e9.anonymous.google	72853500	5.99994	0.0	0.00516	0.0	0.86	\N
2295602da218c0e9.anonymous.google	78632580	3.99996	0.0	0.016272	0.0	4.068	\N
2295602da218c0e9.anonymous.google	84505500	6.99999	0.0	0.012834	0.0	1.8334	\N
2295602da218c0e9.anonymous.google	93168420	0.99996	0.0	0.003504	0.0	3.5041	\N
2295602da218c0e9.anonymous.google	94816260	1.99998	0.0	0.001242	0.0	0.621	\N
2295602da218c0e9.anonymous.google	94904820	11.99994	0.0	0.014787	0.0	1.2323	\N
2295602da218c0e9.anonymous.google	95457420	0.99999	0.0	0.001842	0.0	1.842	\N
2295602da218c0e9.anonymous.google	95458140	1.00002	0.0	0.001749	0.0	1.749	\N
2295602da218c0e9.anonymous.google	95458500	1.99998	0.0	0.010245	0.0	5.1226	\N
2295602da218c0e9.anonymous.google	95922540	0.99999	0.0	2.07E-4	0.0	0.207	\N
2295602da218c0e9.anonymous.google	98580900	0.99999	0.0	0.002502	0.0	2.502	\N
22caratjewellery.com	90860100	0.99999	0.0	0.00141	0.0	1.41	\N
22caratjewellery.com	94815780	1.00002	0.0	7.92E-4	0.0	0.792	\N
22fd8131a18626c3.anonymous.google	81200100	1.99999	0.0	6.4E-4	0.0	0.32	\N
22fd8131a18626c3.anonymous.google	93538380	1.0	0.0	9.3E-4	0.0	0.93	\N
22fd8131a18626c3.anonymous.google	95109780	0.99999	0.0	6.6E-4	0.0	0.66	\N
22fd8131a18626c3.anonymous.google	96604020	0.99999	0.0	2.43E-4	0.0	0.243	\N
22foto.com	97432860	2.0	0.0	0.001446	0.0	0.723	\N
22foto.com	98573820	1.0	0.0	0.00115	0.0	1.15	\N
22gigantes.com	97432860	0.99996	0.0	0.001914	0.0	1.9141	\N
2300d2ff433712ac.anonymous.google	84505500	0.99999	0.0	9.69E-4	0.0	0.969	\N
2300d2ff433712ac.anonymous.google	92508540	2.0	0.0	0.001056	0.0	0.528	\N
2300d2ff433712ac.anonymous.google	94904820	1.00002	0.0	0.001062	0.0	1.062	\N
23a8f0f01a8fba53.anonymous.google	93045540	1.99998	0.0	0.002451	0.0	1.2255	\N
23a8f0f01a8fba53.anonymous.google	97701180	1.99998	0.0	8.52E-4	0.0	0.426	\N
23b.org	97701060	1.00002	0.0	9.99E-4	0.0	0.999	\N
23b4a461c64f2e04.anonymous.google	72567660	0.99996	0.0	3.24E-4	0.0	0.324	\N
23b4a461c64f2e04.anonymous.google	80067900	1.00002	0.0	5.01E-4	0.0	0.501	\N
23b4a461c64f2e04.anonymous.google	94904220	11.00001	0.0	0.011187	0.0	1.017	\N
23b4a461c64f2e04.anonymous.google	95457780	1.99998	0.0	0.001602	0.0	0.801	\N
23b4a461c64f2e04.anonymous.google	97701180	7.00002	0.0	0.003585	0.0	0.5121	\N
24-7humor.com	64753980	1.0	0.0	0.0025	0.0	2.5	\N
24-7humor.com	74748420	0.99999	0.0	9.6E-4	0.0	0.96	\N
24-7humor.com	81200100	2.99998	0.0	0.00175	0.0	0.5833	\N
24-7humor.com	91109580	1.99998	0.0	0.002946	0.0	1.473	\N
24-7humor.com	94904940	1.0	0.0	0.00113	0.0	1.13	\N
24-7humor.com	95109780	4.99995	0.0	0.005616	0.0	1.1232	\N
24-7humor.com	98573820	5.99997	0.0	0.012569	0.0	2.0948	\N
24-7humor.com	98670660	0.99999	0.0	4.62E-4	0.0	0.462	\N
24-7humor.com	98671380	1.99999	0.0	0.002299	0.0	1.1495	\N
240c87e901e4df0f.anonymous.google	65669820	1.99992	0.0	0.010608	0.0	5.3042	\N
240c87e901e4df0f.anonymous.google	75363180	3.99984	0.0	0.033444	0.0	8.3613	\N
240c87e901e4df0f.anonymous.google	84505500	2.00004	0.0	0.006126	0.0	3.0629	\N
240c87e901e4df0f.anonymous.google	91126380	3.0	0.0	0.01044	0.0	3.48	\N
240c87e901e4df0f.anonymous.google	93168420	6.0	0.0	0.053166	0.0	8.861	\N
240c87e901e4df0f.anonymous.google	97432860	3.00006	0.0	0.00534	0.0	1.78	\N
240sxforums.com	62438220	2.00001	0.0	0.005754	0.0	2.877	\N
2413296ff7b770b1.anonymous.google	89057820	1.99998	0.0	5.22E-4	0.0	0.261	\N
2413296ff7b770b1.anonymous.google	94815780	2.00004	0.0	0.00108	0.0	0.54	\N
241543903.com	87991020	1.0	0.0	6.8E-4	0.0	0.68	\N
241543903.com	94815780	1.0	0.0	0.0011	0.0	1.1	\N
243f471d5e9f88b0.anonymous.google	66566820	29.99944	0.0	0.01416	0.0	0.472	\N
243f471d5e9f88b0.anonymous.google	71451180	1.00008	0.0	1.62E-4	0.0	0.162	\N
243f471d5e9f88b0.anonymous.google	72567780	31.00044	0.0	0.01269	0.0	0.4093	\N
243f471d5e9f88b0.anonymous.google	78634260	50.00013	0.0	0.044703	0.0	0.8941	\N
243f471d5e9f88b0.anonymous.google	91126380	1.99995	0.0	0.00129	0.0	0.645	\N
243f471d5e9f88b0.anonymous.google	92509140	6.00006	0.0	0.004806	0.0	0.801	\N
243f471d5e9f88b0.anonymous.google	93045540	28.99995	0.0	0.019305	0.0	0.6657	\N
243f471d5e9f88b0.anonymous.google	95108820	0.99999	0.0	0.001719	0.0	1.719	\N
243f471d5e9f88b0.anonymous.google	97882980	15.9999	0.0	0.005094	0.0	0.3184	\N
243f471d5e9f88b0.anonymous.google	98671620	2.99997	0.0	0.001641	0.0	0.547	\N
247mahjong.com	97701180	3.00003	0.0	0.002355	0.0	0.785	\N
247mahjong.com	98572500	0.99999	0.0	0.00156	0.0	1.56	\N
247mahjong.com	98578860	1.00002	0.0	0.00219	0.0	2.19	\N
247mahjongg.com	98806380	2.99992	0.0	0.012904	0.0	4.3014	\N
247naijagossip.com	93045540	0.99999	0.0	0.00123	0.0	1.23	\N
247solitaire.com	64753980	2.99997	0.0	0.006059	0.0	2.0197	\N
247sports.com	66566820	2.00004	0.0	8.16E-4	0.0	0.408	\N
247sports.com	71451180	1.99998	0.0	0.001026	0.0	0.513	\N
247sports.com	78634260	40.00041	0.0	0.047625	0.0	1.1906	\N
247sports.com	79277220	16.0001	0.0	0.023938	0.0	1.4961	\N
247sports.com	93045540	35.00017	0.0	0.038016	0.0	1.0862	\N
247sports.com	93168300	1.00008	0.0	4.8E-4	0.0	0.48	\N
247sports.com	94916220	5.00001	0.0	0.002911	0.0	0.5822	\N
247sports.com	95108820	3.00012	0.0	0.024999	0.0	8.3327	\N
247sports.com	98572500	1.99998	0.0	0.003126	0.0	1.563	\N
24expat.com	95458740	1.0	0.0	0.00857	0.0	8.57	\N
24flinching.com	63053340	5.99976	0.0	0.00156	0.0	0.26	\N
24flinching.com	94904820	1.0	0.0	5.3E-4	0.0	0.53	\N
24flinching.com	97432860	4.0	0.0	0.006612	0.0	1.653	\N
24hgold.com	94815780	2.00004	0.0	0.002238	0.0	1.119	\N
24hgold.com	97701180	1.00002	0.0	7.5E-4	0.0	0.75	\N
24hoursoflemons.com	63053340	1.00008	0.0	0.002556	0.0	2.5558	\N
24hoursoflemons.com	97432860	1.99998	0.0	0.00363	0.0	1.815	\N
24kt.us	81796980	2.99997	0.0	0.007497	0.0	2.499	\N
24kt.us	97701180	0.99999	0.0	5.88E-4	0.0	0.588	\N
24newsupdate.com	97432860	1.0	0.0	4.9E-4	0.0	0.49	\N
24pawsoflove.com	71451180	0.9999	0.0	0.001512	0.0	1.5122	\N
24sevenpost.com	93045540	0.99999	0.0	0.003279	0.0	3.279	\N
24timezones.com	68660820	0.99999	0.0	0.002367	0.0	2.367	\N
24timezones.com	87991020	2.00002	0.0	0.010698	0.0	5.3489	\N
24timezones.com	94815780	0.99996	0.0	9.72E-4	0.0	0.972	\N
24timezones.com	95458740	1.00002	0.0	0.0060	0.0	5.9999	\N
24wired.tv	81200100	1.99998	0.0	0.001695	0.0	0.8475	\N
24wired.tv	94904940	0.99999	0.0	6.3E-4	0.0	0.63	\N
24wired.tv	95109780	0.99999	0.0	0.001503	0.0	1.503	\N
24x7entertainments.blogspot.com	93168300	0.99996	0.0	8.88E-4	0.0	0.888	\N
25525377554dff0d.anonymous.google	64753980	1.99999	0.0	0.002861	0.0	1.4305	\N
25525377554dff0d.anonymous.google	91109580	0.99999	0.0	0.001101	0.0	1.101	\N
25d952004b3bf535.anonymous.google	78634260	1.99998	0.0	0.002502	0.0	1.251	\N
25d952004b3bf535.anonymous.google	79277220	0.99999	0.0	0.001869	0.0	1.869	\N
25facts.com	97701060	1.0	0.0	9.0E-4	0.0	0.9	\N
25yearsofprogramming.com	98152740	1.99998	0.0	0.009999	0.0	4.9995	\N
25yearsofprogramming.com	98572500	0.99999	0.0	0.00138	0.0	1.38	\N
268031918b519f9e.anonymous.google	62438220	1.00008	0.0	0.013806	0.0	13.8049	\N
2720.anonymous.google	81796980	1.99998	0.0	0.005295	0.0	2.6475	\N
2720.anonymous.google	93045540	1.0	0.0	0.00127	0.0	1.27	\N
275778f29ee51fca.anonymous.google	64753980	13.99995	0.0	0.00762	0.0	0.5443	\N
275778f29ee51fca.anonymous.google	84505500	7.99998	0.0	0.011085	0.0	1.3856	\N
275778f29ee51fca.anonymous.google	91109580	2.00001	0.0	0.00258	0.0	1.29	\N
275778f29ee51fca.anonymous.google	93168420	1.00002	0.0	0.00351	0.0	3.5099	\N
275778f29ee51fca.anonymous.google	94904820	18.9999	0.0	0.020772	0.0	1.0933	\N
275778f29ee51fca.anonymous.google	95922540	6.99993	0.0	0.001287	0.0	0.1839	\N
275778f29ee51fca.anonymous.google	98804580	0.99999	0.0	2.79E-4	0.0	0.279	\N
275778f29ee51fca.anonymous.google	98806380	10.00008	0.0	0.014283	0.0	1.4283	\N
279794ad7cb2d91f.anonymous.google	64151460	0.99996	0.0	0.001536	0.0	1.5361	\N
279794ad7cb2d91f.anonymous.google	64753980	30.9998	0.0	0.01498	0.0	0.4832	\N
279794ad7cb2d91f.anonymous.google	73022340	1.99992	0.0	8.28E-4	0.0	0.414	\N
279794ad7cb2d91f.anonymous.google	81200100	26.99987	0.0	0.01044	0.0	0.3867	\N
279794ad7cb2d91f.anonymous.google	81367980	1.00002	0.0	8.82E-4	0.0	0.882	\N
279794ad7cb2d91f.anonymous.google	81368100	9.00002	0.0	0.00169	0.0	0.1878	\N
279794ad7cb2d91f.anonymous.google	84505620	1.99998	0.0	5.37E-4	0.0	0.2685	\N
279794ad7cb2d91f.anonymous.google	94904940	3.99996	0.0	0.003693	0.0	0.9233	\N
279794ad7cb2d91f.anonymous.google	95109780	4.00005	0.0	0.001851	0.0	0.4627	\N
279794ad7cb2d91f.anonymous.google	96604020	61.99962	0.0	0.010251	0.0	0.1653	\N
279794ad7cb2d91f.anonymous.google	98799300	1.99998	0.0	7.11E-4	0.0	0.3555	\N
279794ad7cb2d91f.anonymous.google	98803020	0.99999	0.0	3.96E-4	0.0	0.396	\N
27e6b0d5c135e8dc.anonymous.google	64151460	1.0	0.0	0.00747	0.0	7.47	\N
27e6b0d5c135e8dc.anonymous.google	84505620	3.0	0.0	0.00642	0.0	2.14	\N
27e6b0d5c135e8dc.anonymous.google	91109580	5.0	0.0	0.0075	0.0	1.5	\N
27e6b0d5c135e8dc.anonymous.google	94904940	1.0	0.0	0.0015	0.0	1.5	\N
27e6b0d5c135e8dc.anonymous.google	98573820	5.0	0.0	0.00815	0.0	1.63	\N
27e6b0d5c135e8dc.anonymous.google	98670660	1.0	0.0	0.00163	0.0	1.63	\N
27inarow.blogspot.com	63053340	1.99998	0.0	0.001296	0.0	0.648	\N
27inarow.blogspot.com	95457900	2.00004	0.0	0.005103	0.0	2.5514	\N
27inarow.blogspot.com	97432860	6.00024	1.00002	0.011088	0.166663	1.8479	0.011088
27inarow.blogspot.com	98573820	0.99999	0.0	8.31E-4	0.0	0.831	\N
27inarow.blogspot.com	98671380	2.99997	0.0	0.004494	0.0	1.498	\N
2858.anonymous.google	63053340	192.00546	0.0	0.396204	0.0	2.0635	\N
2858.anonymous.google	65529780	9.00036	0.0	0.020844	0.0	2.3159	\N
2858.anonymous.google	72853500	12.00002	0.0	0.00842	0.0	0.7017	\N
2858.anonymous.google	75363180	1.99998	0.0	0.017028	0.0	8.5141	\N
2858.anonymous.google	78632580	8.99991	0.0	0.021816	0.0	2.424	\N
2858.anonymous.google	84505500	71.00011	0.0	0.159192	0.0	2.2421	\N
2858.anonymous.google	91126380	2.0001	0.0	0.00537	0.0	2.6849	\N
2858.anonymous.google	92508540	9.00008	0.0	0.005964	0.0	0.6627	\N
2858.anonymous.google	93168420	4.00008	0.0	0.035814	0.0	8.9533	\N
2858.anonymous.google	94816260	7.00012	0.0	0.00712	0.0	1.0171	\N
2858.anonymous.google	94904820	23.99989	0.0	0.040373	0.0	1.6822	\N
2858.anonymous.google	95457420	4.99995	0.0	0.018879	0.0	3.7758	\N
2858.anonymous.google	97432860	36.00062	0.0	0.055938	0.0	1.5538	\N
2858.anonymous.google	98671620	3.99997	0.0	0.002626	0.0	0.6565	\N
2858.anonymous.google	98805540	1.99998	0.0	0.001422	0.0	0.711	\N
2903.anonymous.google	62438220	1.99998	0.0	0.01557	0.0	7.7851	\N
2903.anonymous.google	87991020	2.99994	0.0	0.01611	0.0	5.3701	\N
2914.anonymous.google	68660940	15.00006	0.0	0.006156	0.0	0.4104	\N
2914.anonymous.google	72567780	11.00014	0.0	0.004184	0.0	0.3804	\N
2914.anonymous.google	81796980	11.99994	0.0	0.020526	0.0	1.7105	\N
2914.anonymous.google	90860100	9.9999	0.0	0.010519	0.0	1.0519	\N
2914.anonymous.google	93045540	50.99957	0.0	0.065631	0.0	1.2869	\N
2914.anonymous.google	94904220	3.99998	0.0	0.002628	0.0	0.657	\N
2914.anonymous.google	95457780	0.99999	0.0	0.002929	0.0	2.929	\N
2914.anonymous.google	97701180	16.99984	0.0	0.010923	0.0	0.6425	\N
2914.anonymous.google	98152740	2.99997	0.0	0.006631	0.0	2.2104	\N
2937.anonymous.google	68660940	5.99994	0.0	0.004095	0.0	0.6825	\N
2937.anonymous.google	72567660	3.00012	0.0	0.00126	0.0	0.42	\N
2937.anonymous.google	90860100	2.99997	0.0	0.00303	0.0	1.01	\N
2937.anonymous.google	97701180	10.99991	0.0	0.008943	0.0	0.813	\N
2937.anonymous.google	98797260	2.99991	0.0	0.002775	0.0	0.925	\N
29388633e6d45590.anonymous.google	62438220	6.00006	0.0	0.024738	0.0	4.123	\N
29388633e6d45590.anonymous.google	64151460	5.99996	0.0	0.012984	0.0	2.164	\N
29388633e6d45590.anonymous.google	81200100	12.00004	0.0	0.008218	0.0	0.6848	\N
29388633e6d45590.anonymous.google	81367980	0.99996	0.0	0.002252	0.0	2.2521	\N
29388633e6d45590.anonymous.google	81368100	10.99992	0.0	0.002544	0.0	0.2313	\N
29388633e6d45590.anonymous.google	84505620	7.0	0.0	0.01639	0.0	2.3414	\N
29388633e6d45590.anonymous.google	93538380	13.99972	0.0	0.00754	0.0	0.5386	\N
29388633e6d45590.anonymous.google	94815660	1.0	0.0	4.2E-4	0.0	0.42	\N
29388633e6d45590.anonymous.google	94904940	2.0	0.0	0.00341	0.0	1.705	\N
29388633e6d45590.anonymous.google	95109780	2.00002	0.0	0.002238	0.0	1.119	\N
29388633e6d45590.anonymous.google	95457900	4.0	0.0	0.003498	0.0	0.8745	\N
29palms.bookoo.com	93168300	4.99992	0.0	0.003696	0.0	0.7392	\N
29palms.bookoo.com	94904220	9.00006	0.0	0.010776	0.0	1.1973	\N
29palms.bookoo.com	97701180	0.99999	0.0	9.6E-4	0.0	0.96	\N
29palms.bookoo.com	98572500	21.00006	0.0	0.036645	0.0	1.745	\N
29palms.bookoo.com	98671140	6.99993	0.0	0.008187	0.0	1.1696	\N
2arcadegames.com	95109780	2.0001	0.0	0.00231	0.0	1.1549	\N
2be972332e84c858.anonymous.google	78634260	0.99999	0.0	0.001125	0.0	1.125	\N
2buildmusclefast.com	71451180	1.00008	0.0	0.00225	0.0	2.2498	\N
2buildmusclefast.com	78634260	13.99959	0.0	0.021402	0.0	1.5288	\N
2buildmusclefast.com	94916220	0.99999	0.0	0.001149	0.0	1.149	\N
2buildmusclefast.com	97432860	6.9999	0.0	0.010572	0.0	1.5103	\N
2busybrunettes.com	71451180	0.99996	0.0	0.0024	0.0	2.4001	\N
2busybrunettes.com	79277220	1.0	0.0	6.3E-4	0.0	0.63	\N
2c32c85e7032fa54.anonymous.google	93045540	1.0	0.0	0.00153	0.0	1.53	\N
2cameraguys.com	98573820	0.99996	0.0	0.002748	0.0	2.7481	\N
2carpros.com	68660820	14.99985	0.0	0.025695	0.0	1.713	\N
2carpros.com	80067900	1.00002	0.0	3.42E-4	0.0	0.342	\N
2carpros.com	89057820	59.00058	0.0	0.094947	0.0	1.6093	\N
2carpros.com	90349740	1.00002	0.0	0.00501	0.0	5.0099	\N
2carpros.com	90860100	1.00002	0.0	0.001002	0.0	1.002	\N
2carpros.com	92508780	0.99996	0.0	0.003498	0.0	3.4981	\N
2carpros.com	94815780	17.99982	0.0	0.015498	0.0	0.861	\N
2carpros.com	97701060	8.00007	0.0	0.005607	0.0	0.7009	\N
2carpros.com	98152620	1.99995	0.0	0.00162	0.0	0.81	\N
2carpros.com	98580300	1.00008	0.0	9.09E-4	0.0	0.9089	\N
2carpros.com	98797260	7.00002	0.0	0.005634	0.0	0.8049	\N
2ce097d85b447a6e.anonymous.google	98805660	6.99993	0.0	0.003078	0.0	0.4397	\N
2chambers.com	81796980	1.99998	0.0	0.003789	0.0	1.8945	\N
2chambers.com	97701180	0.99999	0.0	6.51E-4	0.0	0.651	\N
2classnotes.com	78634260	1.99998	0.0	0.002889	0.0	1.4445	\N
2conv.com	80067900	1.99998	0.0	9.93E-4	0.0	0.4965	\N
2conv.com	89057820	39.00015	0.0	0.013536	0.0	0.3471	\N
2conv.com	90860100	29.99976	0.0	0.029019	0.0	0.9673	\N
2conv.com	94815780	55.99902	0.0	0.038376	0.0	0.6853	\N
2conv.com	97701060	6.9999	0.0	0.003498	0.0	0.4997	\N
2conv.com	98152620	2.99985	0.0	6.6E-4	0.0	0.22	\N
2conv.com	98797260	15.99987	0.0	0.008241	0.0	0.5151	\N
2coolfishing.com	71451180	45.00054	0.0	0.11412	0.0	2.536	\N
2coolfishing.com	78634260	847.9977	0.0	0.963474	0.0	1.1362	\N
2coolfishing.com	94905060	15.99994	0.0	0.021189	0.0	1.3243	\N
2coolfishing.com	94916220	46.99982	0.0	0.03938	0.0	0.8379	\N
2coolfishing.com	98671620	8.99997	0.0	0.004731	0.0	0.5257	\N
2crafty4myskirt.blogspot.com	81200100	1.00002	0.0	9.09E-4	0.0	0.909	\N
2d25c421cd8544da.anonymous.google	68660940	3.99996	0.0	0.001737	0.0	0.4343	\N
2d25c421cd8544da.anonymous.google	90860100	0.99999	0.0	9.42E-4	0.0	0.942	\N
2d25c421cd8544da.anonymous.google	94815780	5.0001	0.0	0.00276	0.0	0.552	\N
2d25c421cd8544da.anonymous.google	97701180	2.99997	0.0	0.001301	0.0	0.4337	\N
2d25c421cd8544da.anonymous.google	98580300	1.00002	0.0	0.002457	0.0	2.457	\N
2d25c421cd8544da.anonymous.google	98797260	19.00008	0.0	0.008084	0.0	0.4255	\N
2daa2a79002491af.anonymous.google	66566820	9.00012	0.0	0.006468	0.0	0.7187	\N
2daysports.com	87991020	1.00002	0.0	0.003282	0.0	3.2819	\N
2daysports.com	94815780	1.99998	0.0	0.001278	0.0	0.639	\N
2dgameartforprogrammers.blogspot.com	63053340	3.99924	0.0	0.007596	0.0	1.8994	\N
2dips.com	63053340	1.00008	0.0	0.002682	0.0	2.6818	\N
2dplay.com	63053340	16.00002	0.0	0.03366	0.0	2.1037	\N
2dplay.com	64753980	1.00002	0.0	0.002322	0.0	2.322	\N
2dplay.com	65529780	1.99998	0.0	0.015948	0.0	7.9741	\N
2dplay.com	78632580	0.99999	0.0	0.005346	0.0	5.3461	\N
2dplay.com	94816260	1.00002	0.0	9.9E-4	0.0	0.99	\N
